/*--------------------------------*- C++ -*----------------------------------*\
  =========                 |
  \\      /  F ield         | OpenFOAM: The Open Source CFD Toolbox
   \\    /   O peration     | Website:  https://openfoam.org
    \\  /    A nd           | Version:  8
     \\/     M anipulation  |
\*---------------------------------------------------------------------------*/
FoamFile
{
    version     2.0;
    format      ascii;
    class       faceList;
    location    "constant/polyMesh";
    object      faces;
}
// * * * * * * * * * * * * * * * * * * * * * * * * * * * * * * * * * * * * * //


301
(
4(1 62 184 123)
4(2 63 185 124)
4(3 64 186 125)
4(4 65 187 126)
4(5 66 188 127)
4(6 67 189 128)
4(7 68 190 129)
4(8 69 191 130)
4(9 70 192 131)
4(10 71 193 132)
4(11 72 194 133)
4(12 73 195 134)
4(13 74 196 135)
4(14 75 197 136)
4(15 76 198 137)
4(16 77 199 138)
4(17 78 200 139)
4(18 79 201 140)
4(19 80 202 141)
4(20 81 203 142)
4(21 82 204 143)
4(22 83 205 144)
4(23 84 206 145)
4(24 85 207 146)
4(25 86 208 147)
4(26 87 209 148)
4(27 88 210 149)
4(28 89 211 150)
4(29 90 212 151)
4(30 91 213 152)
4(31 92 214 153)
4(32 93 215 154)
4(33 94 216 155)
4(34 95 217 156)
4(35 96 218 157)
4(36 97 219 158)
4(37 98 220 159)
4(38 99 221 160)
4(39 100 222 161)
4(40 101 223 162)
4(41 102 224 163)
4(42 103 225 164)
4(43 104 226 165)
4(44 105 227 166)
4(45 106 228 167)
4(46 107 229 168)
4(47 108 230 169)
4(48 109 231 170)
4(49 110 232 171)
4(50 111 233 172)
4(51 112 234 173)
4(52 113 235 174)
4(53 114 236 175)
4(54 115 237 176)
4(55 116 238 177)
4(56 117 239 178)
4(57 118 240 179)
4(58 119 241 180)
4(59 120 242 181)
4(0 122 183 61)
4(60 121 243 182)
4(0 1 123 122)
4(1 2 124 123)
4(2 3 125 124)
4(3 4 126 125)
4(4 5 127 126)
4(5 6 128 127)
4(6 7 129 128)
4(7 8 130 129)
4(8 9 131 130)
4(9 10 132 131)
4(10 11 133 132)
4(11 12 134 133)
4(12 13 135 134)
4(13 14 136 135)
4(14 15 137 136)
4(15 16 138 137)
4(16 17 139 138)
4(17 18 140 139)
4(18 19 141 140)
4(19 20 142 141)
4(20 21 143 142)
4(21 22 144 143)
4(22 23 145 144)
4(23 24 146 145)
4(24 25 147 146)
4(25 26 148 147)
4(26 27 149 148)
4(27 28 150 149)
4(28 29 151 150)
4(29 30 152 151)
4(30 31 153 152)
4(31 32 154 153)
4(32 33 155 154)
4(33 34 156 155)
4(34 35 157 156)
4(35 36 158 157)
4(36 37 159 158)
4(37 38 160 159)
4(38 39 161 160)
4(39 40 162 161)
4(40 41 163 162)
4(41 42 164 163)
4(42 43 165 164)
4(43 44 166 165)
4(44 45 167 166)
4(45 46 168 167)
4(46 47 169 168)
4(47 48 170 169)
4(48 49 171 170)
4(49 50 172 171)
4(50 51 173 172)
4(51 52 174 173)
4(52 53 175 174)
4(53 54 176 175)
4(54 55 177 176)
4(55 56 178 177)
4(56 57 179 178)
4(57 58 180 179)
4(58 59 181 180)
4(59 60 182 181)
4(61 183 184 62)
4(62 184 185 63)
4(63 185 186 64)
4(64 186 187 65)
4(65 187 188 66)
4(66 188 189 67)
4(67 189 190 68)
4(68 190 191 69)
4(69 191 192 70)
4(70 192 193 71)
4(71 193 194 72)
4(72 194 195 73)
4(73 195 196 74)
4(74 196 197 75)
4(75 197 198 76)
4(76 198 199 77)
4(77 199 200 78)
4(78 200 201 79)
4(79 201 202 80)
4(80 202 203 81)
4(81 203 204 82)
4(82 204 205 83)
4(83 205 206 84)
4(84 206 207 85)
4(85 207 208 86)
4(86 208 209 87)
4(87 209 210 88)
4(88 210 211 89)
4(89 211 212 90)
4(90 212 213 91)
4(91 213 214 92)
4(92 214 215 93)
4(93 215 216 94)
4(94 216 217 95)
4(95 217 218 96)
4(96 218 219 97)
4(97 219 220 98)
4(98 220 221 99)
4(99 221 222 100)
4(100 222 223 101)
4(101 223 224 102)
4(102 224 225 103)
4(103 225 226 104)
4(104 226 227 105)
4(105 227 228 106)
4(106 228 229 107)
4(107 229 230 108)
4(108 230 231 109)
4(109 231 232 110)
4(110 232 233 111)
4(111 233 234 112)
4(112 234 235 113)
4(113 235 236 114)
4(114 236 237 115)
4(115 237 238 116)
4(116 238 239 117)
4(117 239 240 118)
4(118 240 241 119)
4(119 241 242 120)
4(120 242 243 121)
4(0 61 62 1)
4(1 62 63 2)
4(2 63 64 3)
4(3 64 65 4)
4(4 65 66 5)
4(5 66 67 6)
4(6 67 68 7)
4(7 68 69 8)
4(8 69 70 9)
4(9 70 71 10)
4(10 71 72 11)
4(11 72 73 12)
4(12 73 74 13)
4(13 74 75 14)
4(14 75 76 15)
4(15 76 77 16)
4(16 77 78 17)
4(17 78 79 18)
4(18 79 80 19)
4(19 80 81 20)
4(20 81 82 21)
4(21 82 83 22)
4(22 83 84 23)
4(23 84 85 24)
4(24 85 86 25)
4(25 86 87 26)
4(26 87 88 27)
4(27 88 89 28)
4(28 89 90 29)
4(29 90 91 30)
4(30 91 92 31)
4(31 92 93 32)
4(32 93 94 33)
4(33 94 95 34)
4(34 95 96 35)
4(35 96 97 36)
4(36 97 98 37)
4(37 98 99 38)
4(38 99 100 39)
4(39 100 101 40)
4(40 101 102 41)
4(41 102 103 42)
4(42 103 104 43)
4(43 104 105 44)
4(44 105 106 45)
4(45 106 107 46)
4(46 107 108 47)
4(47 108 109 48)
4(48 109 110 49)
4(49 110 111 50)
4(50 111 112 51)
4(51 112 113 52)
4(52 113 114 53)
4(53 114 115 54)
4(54 115 116 55)
4(55 116 117 56)
4(56 117 118 57)
4(57 118 119 58)
4(58 119 120 59)
4(59 120 121 60)
4(122 123 184 183)
4(123 124 185 184)
4(124 125 186 185)
4(125 126 187 186)
4(126 127 188 187)
4(127 128 189 188)
4(128 129 190 189)
4(129 130 191 190)
4(130 131 192 191)
4(131 132 193 192)
4(132 133 194 193)
4(133 134 195 194)
4(134 135 196 195)
4(135 136 197 196)
4(136 137 198 197)
4(137 138 199 198)
4(138 139 200 199)
4(139 140 201 200)
4(140 141 202 201)
4(141 142 203 202)
4(142 143 204 203)
4(143 144 205 204)
4(144 145 206 205)
4(145 146 207 206)
4(146 147 208 207)
4(147 148 209 208)
4(148 149 210 209)
4(149 150 211 210)
4(150 151 212 211)
4(151 152 213 212)
4(152 153 214 213)
4(153 154 215 214)
4(154 155 216 215)
4(155 156 217 216)
4(156 157 218 217)
4(157 158 219 218)
4(158 159 220 219)
4(159 160 221 220)
4(160 161 222 221)
4(161 162 223 222)
4(162 163 224 223)
4(163 164 225 224)
4(164 165 226 225)
4(165 166 227 226)
4(166 167 228 227)
4(167 168 229 228)
4(168 169 230 229)
4(169 170 231 230)
4(170 171 232 231)
4(171 172 233 232)
4(172 173 234 233)
4(173 174 235 234)
4(174 175 236 235)
4(175 176 237 236)
4(176 177 238 237)
4(177 178 239 238)
4(178 179 240 239)
4(179 180 241 240)
4(180 181 242 241)
4(181 182 243 242)
)


// ************************************************************************* //
