/*--------------------------------*- C++ -*----------------------------------*\
  =========                 |
  \\      /  F ield         | OpenFOAM: The Open Source CFD Toolbox
   \\    /   O peration     | Website:  https://openfoam.org
    \\  /    A nd           | Version:  7
     \\/     M anipulation  |
\*---------------------------------------------------------------------------*/
FoamFile
{
    version     2.0;
    format      ascii;
    class       vectorField;
    location    "constant/polyMesh";
    object      points;
}
// * * * * * * * * * * * * * * * * * * * * * * * * * * * * * * * * * * * * * //


244
(
(0 0 0)
(0.1666666667 0 0)
(0.3333333333 0 0)
(0.5 0 0)
(0.6666666667 0 0)
(0.8333333333 0 0)
(1 0 0)
(1.166666667 0 0)
(1.333333333 0 0)
(1.5 0 0)
(1.666666667 0 0)
(1.833333333 0 0)
(2 0 0)
(2.166666667 0 0)
(2.333333333 0 0)
(2.5 0 0)
(2.666666667 0 0)
(2.833333333 0 0)
(3 0 0)
(3.166666667 0 0)
(3.333333333 0 0)
(3.5 0 0)
(3.666666667 0 0)
(3.833333333 0 0)
(4 0 0)
(4.166666667 0 0)
(4.333333333 0 0)
(4.5 0 0)
(4.666666667 0 0)
(4.833333333 0 0)
(5 0 0)
(5.166666667 0 0)
(5.333333333 0 0)
(5.5 0 0)
(5.666666667 0 0)
(5.833333333 0 0)
(6 0 0)
(6.166666667 0 0)
(6.333333333 0 0)
(6.5 0 0)
(6.666666667 0 0)
(6.833333333 0 0)
(7 0 0)
(7.166666667 0 0)
(7.333333333 0 0)
(7.5 0 0)
(7.666666667 0 0)
(7.833333333 0 0)
(8 0 0)
(8.166666667 0 0)
(8.333333333 0 0)
(8.5 0 0)
(8.666666667 0 0)
(8.833333333 0 0)
(9 0 0)
(9.166666667 0 0)
(9.333333333 0 0)
(9.5 0 0)
(9.666666667 0 0)
(9.833333333 0 0)
(10 0 0)
(0 0.1 0)
(0.1666666667 0.1 0)
(0.3333333333 0.1 0)
(0.5 0.1 0)
(0.6666666667 0.1 0)
(0.8333333333 0.1 0)
(1 0.1 0)
(1.166666667 0.1 0)
(1.333333333 0.1 0)
(1.5 0.1 0)
(1.666666667 0.1 0)
(1.833333333 0.1 0)
(2 0.1 0)
(2.166666667 0.1 0)
(2.333333333 0.1 0)
(2.5 0.1 0)
(2.666666667 0.1 0)
(2.833333333 0.1 0)
(3 0.1 0)
(3.166666667 0.1 0)
(3.333333333 0.1 0)
(3.5 0.1 0)
(3.666666667 0.1 0)
(3.833333333 0.1 0)
(4 0.1 0)
(4.166666667 0.1 0)
(4.333333333 0.1 0)
(4.5 0.1 0)
(4.666666667 0.1 0)
(4.833333333 0.1 0)
(5 0.1 0)
(5.166666667 0.1 0)
(5.333333333 0.1 0)
(5.5 0.1 0)
(5.666666667 0.1 0)
(5.833333333 0.1 0)
(6 0.1 0)
(6.166666667 0.1 0)
(6.333333333 0.1 0)
(6.5 0.1 0)
(6.666666667 0.1 0)
(6.833333333 0.1 0)
(7 0.1 0)
(7.166666667 0.1 0)
(7.333333333 0.1 0)
(7.5 0.1 0)
(7.666666667 0.1 0)
(7.833333333 0.1 0)
(8 0.1 0)
(8.166666667 0.1 0)
(8.333333333 0.1 0)
(8.5 0.1 0)
(8.666666667 0.1 0)
(8.833333333 0.1 0)
(9 0.1 0)
(9.166666667 0.1 0)
(9.333333333 0.1 0)
(9.5 0.1 0)
(9.666666667 0.1 0)
(9.833333333 0.1 0)
(10 0.1 0)
(0 0 0.1)
(0.1666666667 0 0.1)
(0.3333333333 0 0.1)
(0.5 0 0.1)
(0.6666666667 0 0.1)
(0.8333333333 0 0.1)
(1 0 0.1)
(1.166666667 0 0.1)
(1.333333333 0 0.1)
(1.5 0 0.1)
(1.666666667 0 0.1)
(1.833333333 0 0.1)
(2 0 0.1)
(2.166666667 0 0.1)
(2.333333333 0 0.1)
(2.5 0 0.1)
(2.666666667 0 0.1)
(2.833333333 0 0.1)
(3 0 0.1)
(3.166666667 0 0.1)
(3.333333333 0 0.1)
(3.5 0 0.1)
(3.666666667 0 0.1)
(3.833333333 0 0.1)
(4 0 0.1)
(4.166666667 0 0.1)
(4.333333333 0 0.1)
(4.5 0 0.1)
(4.666666667 0 0.1)
(4.833333333 0 0.1)
(5 0 0.1)
(5.166666667 0 0.1)
(5.333333333 0 0.1)
(5.5 0 0.1)
(5.666666667 0 0.1)
(5.833333333 0 0.1)
(6 0 0.1)
(6.166666667 0 0.1)
(6.333333333 0 0.1)
(6.5 0 0.1)
(6.666666667 0 0.1)
(6.833333333 0 0.1)
(7 0 0.1)
(7.166666667 0 0.1)
(7.333333333 0 0.1)
(7.5 0 0.1)
(7.666666667 0 0.1)
(7.833333333 0 0.1)
(8 0 0.1)
(8.166666667 0 0.1)
(8.333333333 0 0.1)
(8.5 0 0.1)
(8.666666667 0 0.1)
(8.833333333 0 0.1)
(9 0 0.1)
(9.166666667 0 0.1)
(9.333333333 0 0.1)
(9.5 0 0.1)
(9.666666667 0 0.1)
(9.833333333 0 0.1)
(10 0 0.1)
(0 0.1 0.1)
(0.1666666667 0.1 0.1)
(0.3333333333 0.1 0.1)
(0.5 0.1 0.1)
(0.6666666667 0.1 0.1)
(0.8333333333 0.1 0.1)
(1 0.1 0.1)
(1.166666667 0.1 0.1)
(1.333333333 0.1 0.1)
(1.5 0.1 0.1)
(1.666666667 0.1 0.1)
(1.833333333 0.1 0.1)
(2 0.1 0.1)
(2.166666667 0.1 0.1)
(2.333333333 0.1 0.1)
(2.5 0.1 0.1)
(2.666666667 0.1 0.1)
(2.833333333 0.1 0.1)
(3 0.1 0.1)
(3.166666667 0.1 0.1)
(3.333333333 0.1 0.1)
(3.5 0.1 0.1)
(3.666666667 0.1 0.1)
(3.833333333 0.1 0.1)
(4 0.1 0.1)
(4.166666667 0.1 0.1)
(4.333333333 0.1 0.1)
(4.5 0.1 0.1)
(4.666666667 0.1 0.1)
(4.833333333 0.1 0.1)
(5 0.1 0.1)
(5.166666667 0.1 0.1)
(5.333333333 0.1 0.1)
(5.5 0.1 0.1)
(5.666666667 0.1 0.1)
(5.833333333 0.1 0.1)
(6 0.1 0.1)
(6.166666667 0.1 0.1)
(6.333333333 0.1 0.1)
(6.5 0.1 0.1)
(6.666666667 0.1 0.1)
(6.833333333 0.1 0.1)
(7 0.1 0.1)
(7.166666667 0.1 0.1)
(7.333333333 0.1 0.1)
(7.5 0.1 0.1)
(7.666666667 0.1 0.1)
(7.833333333 0.1 0.1)
(8 0.1 0.1)
(8.166666667 0.1 0.1)
(8.333333333 0.1 0.1)
(8.5 0.1 0.1)
(8.666666667 0.1 0.1)
(8.833333333 0.1 0.1)
(9 0.1 0.1)
(9.166666667 0.1 0.1)
(9.333333333 0.1 0.1)
(9.5 0.1 0.1)
(9.666666667 0.1 0.1)
(9.833333333 0.1 0.1)
(10 0.1 0.1)
)


// ************************************************************************* //
